{
  "meta": {
    "utc": "2026-07-22 03:05:45Z",
    "python": "3.11.5",
    "numpy": "1.24.4",
    "platform": "Windows-10-10.0.26200-SP0",
    "runtime_s": 64.19410181045532
  },
  "verdicts": {
    "block1_O1P": "PASS",
    "block2_O4A": "PASS",
    "block3_randomization": "PASS"
  },
  "block1_O1P": {
    "config": {
      "K": 8,
      "N": 64,
      "G": 31,
      "S": 1500,
      "sigma_l": 0.3,
      "mu": -0.045,
      "tc_main": 2.0,
      "fd_step": 0.0001,
      "mean_count": 24.939854166666667,
      "E_a": 1.0004122789311096,
      "accumulator_selftest_relerr": 1.0261381031616046e-13
    },
    "IY_methodA": [
      [
        0.14406729979149346,
        0.08871891261120646,
        0.0746157031627459,
        0.08936663416278301,
        0.07449021738117767,
        0.08154714572577981,
        0.08650393394293476,
        0.07437436130610486
      ],
      [
        0.08871891261120912,
        0.1501484258366208,
        0.09809921747620531,
        0.0841575807157926,
        0.08538462370235511,
        0.09309294393597689,
        0.09012789119732223,
        0.0819246956585642
      ],
      [
        0.07461570316274213,
        0.09809921747620287,
        0.14612863450751745,
        0.07356432233153776,
        0.08892929057682808,
        0.09878376990069926,
        0.07518634598227603,
        0.06645992918408716
      ],
      [
        0.08936663416278312,
        0.0841575807157926,
        0.07356432233154053,
        0.150144653872328,
        0.08460387163276384,
        0.06973080520415731,
        0.09349188159700217,
        0.07359558492614038
      ],
      [
        0.07449021738118389,
        0.08538462370235633,
        0.0889292905768243,
        0.08460387163277128,
        0.13095670205532728,
        0.0849007408000001,
        0.08158409690150514,
        0.07944949281606029
      ],
      [
        0.08154714572577837,
        0.09309294393598222,
        0.09878376990069904,
        0.0697308052041612,
        0.08490074080000698,
        0.14290669679054846,
        0.07789735468209957,
        0.08356665963760501
      ],
      [
        0.08650393394293632,
        0.09012789119732278,
        0.0751863459822748,
        0.09349188159700328,
        0.08158409690150648,
        0.07789735468209547,
        0.13324732560278552,
        0.06398135003744254
      ],
      [
        0.07437436130610608,
        0.08192469565855975,
        0.06645992918408761,
        0.07359558492614005,
        0.07944949281606173,
        0.0835666596376009,
        0.06398135003744376,
        0.12995981485945152
      ]
    ],
    "IY_methodB_fd": [
      [
        0.14711777401550036,
        0.09147228514494189,
        0.07713491145349988,
        0.09103390399510691,
        0.07772185180734768,
        0.08536306410984848,
        0.09075787534649508,
        0.07806901498455163
      ],
      [
        0.09147228514494189,
        0.15263812212572359,
        0.10277157212034979,
        0.090518349617557,
        0.08387964694232367,
        0.0959863619109827,
        0.0973445835223393,
        0.08624111811018817
      ],
      [
        0.07713491145349988,
        0.10277157212034979,
        0.15254254979384008,
        0.07935137655357381,
        0.09106734935002678,
        0.10126930855179485,
        0.08498857709094368,
        0.0687094267237849
      ],
      [
        0.09103390399510691,
        0.090518349617557,
        0.07935137655357381,
        0.15654348366628232,
        0.08866207449046942,
        0.07038073874447316,
        0.10171627100485049,
        0.0759847709579331
      ],
      [
        0.07772185180734768,
        0.08387964694232367,
        0.09106734935002678,
        0.08866207449046942,
        0.13106784003985225,
        0.08707863950534894,
        0.08735643774489878,
        0.07872185536045413
      ],
      [
        0.08536306410984848,
        0.0959863619109827,
        0.10126930855179485,
        0.07038073874447316,
        0.08707863950534894,
        0.1427272005627799,
        0.08483243571392435,
        0.08722761985590823
      ],
      [
        0.09075787534649508,
        0.0973445835223393,
        0.08498857709094368,
        0.10171627100485049,
        0.08735643774489878,
        0.08483243571392435,
        0.14172505310436953,
        0.07134618671047523
      ],
      [
        0.07806901498455163,
        0.08624111811018817,
        0.0687094267237849,
        0.0759847709579331,
        0.07872185536045413,
        0.08722761985590823,
        0.07134618671047523,
        0.1360236383944251
      ]
    ],
    "complete_fisher_term1": [
      [
        0.989554813538555,
        0.9528487818744333,
        0.854573165719578,
        0.8801874390727231,
        0.8755998049791994,
        0.8846216934898892,
        0.8491049505811602,
        0.8061015823102768
      ],
      [
        0.9528487818744333,
        1.1856410570838687,
        0.9821742577484357,
        0.956207855261399,
        0.9833837869023153,
        1.0022262039282959,
        0.9485467516185552,
        0.9140220148191651
      ],
      [
        0.854573165719578,
        0.9821742577484357,
        1.0216549050313062,
        0.8646199121826572,
        0.9027676887356186,
        0.9314071570650634,
        0.8300800552541285,
        0.8158305979820889
      ],
      [
        0.8801874390727231,
        0.9562078552613988,
        0.8646199121826572,
        1.0238389200622047,
        0.9024398223504708,
        0.873837733018534,
        0.8621165302293304,
        0.8228174436278756
      ],
      [
        0.8755998049791993,
        0.9833837869023153,
        0.9027676887356186,
        0.9024398223504708,
        1.0212003746671403,
        0.9173827279586505,
        0.8594350234066478,
        0.8443990337469596
      ],
      [
        0.8846216934898892,
        1.0022262039282959,
        0.9314071570650635,
        0.873837733018534,
        0.9173827279586507,
        1.0546724903953029,
        0.8598699059759862,
        0.8692806573010311
      ],
      [
        0.8491049505811602,
        0.9485467516185552,
        0.8300800552541284,
        0.8621165302293305,
        0.8594350234066478,
        0.8598699059759861,
        0.9331507889679602,
        0.7724947174894239
      ],
      [
        0.8061015823102768,
        0.9140220148191651,
        0.8158305979820889,
        0.8228174436278756,
        0.8443990337469595,
        0.8692806573010312,
        0.7724947174894239,
        0.923106656423631
      ]
    ],
    "missing_term": [
      [
        0.8454875137470615,
        0.8641298692632269,
        0.7799574625568321,
        0.7908208049099401,
        0.8011095875980218,
        0.8030745477641094,
        0.7626010166382254,
        0.731727221004172
      ],
      [
        0.8641298692632242,
        1.0354926312472479,
        0.8840750402722304,
        0.8720502745456064,
        0.8979991631999602,
        0.909133259992319,
        0.8584188604212329,
        0.8320973191606009
      ],
      [
        0.7799574625568358,
        0.8840750402722328,
        0.8755262705237887,
        0.7910555898511195,
        0.8138383981587906,
        0.8326233871643641,
        0.7548937092718525,
        0.7493706687980017
      ],
      [
        0.79082080490994,
        0.8720502745456062,
        0.7910555898511167,
        0.8736942661898767,
        0.817835950717707,
        0.8041069278143766,
        0.7686246486323283,
        0.7492218587017352
      ],
      [
        0.8011095875980154,
        0.897999163199959,
        0.8138383981587943,
        0.8178359507176995,
        0.890243672611813,
        0.8324819871586504,
        0.7778509265051426,
        0.7649495409308993
      ],
      [
        0.8030745477641108,
        0.9091332599923136,
        0.8326233871643645,
        0.8041069278143728,
        0.8324819871586437,
        0.9117657936047544,
        0.7819725512938867,
        0.7857139976634261
      ],
      [
        0.7626010166382239,
        0.8584188604212324,
        0.7548937092718536,
        0.7686246486323273,
        0.7778509265051413,
        0.7819725512938906,
        0.7999034633651747,
        0.7085133674519813
      ],
      [
        0.7317272210041708,
        0.8320973191606054,
        0.7493706687980013,
        0.7492218587017355,
        0.7649495409308977,
        0.7857139976634303,
        0.7085133674519801,
        0.7931468415641795
      ]
    ],
    "missing_fraction_trace": 0.8616969892058517,
    "agreement": {
      "rel_frobenius_A_vs_B": 0.051240360365903355,
      "rel_entry_max": 0.12239407917887028,
      "rel_entry_median": 0.04286982244509524,
      "paired_mean_diff_max_abs": 0.009802231108669096,
      "paired_se_at_max": 0.004478816949982766,
      "paired_z_max": 2.1885759606020097,
      "score_fd_vs_analytic_rel": 9.523802518911752e-10
    },
    "psd": {
      "missing_min_eig": 0.04242464656328258,
      "missing_max_eig": 6.521946511645572,
      "IY_a_min_eig": 0.032231391819652844,
      "per_record_covG_min_eig": 0.028116850651896244
    },
    "deterministic_limit": {
      "missing_max_abs": 1.1368683772161603e-12,
      "IY_fd_vs_analytic_rel": 0.018073322693756635
    },
    "tc_sweep": {
      "tc=0.5": {
        "missing_trace": 6.0493091194502515,
        "missing_opnorm": 5.424803814813339,
        "lag1_corr": 0.1353352832366127
      },
      "tc=2.0": {
        "missing_trace": 7.0321640950231625,
        "missing_opnorm": 6.5285919292087495,
        "lag1_corr": 0.6065306597126334
      },
      "tc=8.0": {
        "missing_trace": 7.299720001038259,
        "missing_opnorm": 6.999386932854892,
        "lag1_corr": 0.8824969025845955
      }
    },
    "ordering": {
      "missing_trace_identity_order": 7.041521796431297,
      "missing_trace_permuted_order": 7.0150423001787585
    }
  },
  "block2_O4A": {
    "schur_check": {
      "worst_rel_err": 9.117300683091345e-16,
      "n_cases": 24,
      "cases": [
        {
          "N": 16,
          "K": 4,
          "p": 2,
          "seed": 0,
          "rel_err": 2.8537044182103606e-16
        },
        {
          "N": 16,
          "K": 4,
          "p": 2,
          "seed": 1,
          "rel_err": 8.555356078792994e-16
        },
        {
          "N": 16,
          "K": 4,
          "p": 2,
          "seed": 2,
          "rel_err": 2.803083986168434e-16
        },
        {
          "N": 16,
          "K": 4,
          "p": 2,
          "seed": 3,
          "rel_err": 1.2128303894886635e-16
        },
        {
          "N": 32,
          "K": 8,
          "p": 3,
          "seed": 0,
          "rel_err": 2.1586654841494617e-16
        },
        {
          "N": 32,
          "K": 8,
          "p": 3,
          "seed": 1,
          "rel_err": 3.2553259176260296e-16
        },
        {
          "N": 32,
          "K": 8,
          "p": 3,
          "seed": 2,
          "rel_err": 2.759012833824916e-16
        },
        {
          "N": 32,
          "K": 8,
          "p": 3,
          "seed": 3,
          "rel_err": 3.929645685904765e-16
        },
        {
          "N": 48,
          "K": 6,
          "p": 4,
          "seed": 0,
          "rel_err": 1.3797754621287731e-16
        },
        {
          "N": 48,
          "K": 6,
          "p": 4,
          "seed": 1,
          "rel_err": 1.1879729761778824e-16
        },
        {
          "N": 48,
          "K": 6,
          "p": 4,
          "seed": 2,
          "rel_err": 2.194306474710039e-16
        },
        {
          "N": 48,
          "K": 6,
          "p": 4,
          "seed": 3,
          "rel_err": 2.7005392176013273e-16
        },
        {
          "N": 64,
          "K": 10,
          "p": 5,
          "seed": 0,
          "rel_err": 1.7456899466600024e-16
        },
        {
          "N": 64,
          "K": 10,
          "p": 5,
          "seed": 1,
          "rel_err": 2.9973918497738174e-16
        },
        {
          "N": 64,
          "K": 10,
          "p": 5,
          "seed": 2,
          "rel_err": 3.314246268129587e-16
        },
        {
          "N": 64,
          "K": 10,
          "p": 5,
          "seed": 3,
          "rel_err": 5.580083378299126e-16
        },
        {
          "N": 24,
          "K": 12,
          "p": 2,
          "seed": 0,
          "rel_err": 5.114726698102903e-16
        },
        {
          "N": 24,
          "K": 12,
          "p": 2,
          "seed": 1,
          "rel_err": 9.117300683091345e-16
        },
        {
          "N": 24,
          "K": 12,
          "p": 2,
          "seed": 2,
          "rel_err": 6.176458811942366e-16
        },
        {
          "N": 24,
          "K": 12,
          "p": 2,
          "seed": 3,
          "rel_err": 4.166373941819693e-16
        },
        {
          "N": 40,
          "K": 5,
          "p": 6,
          "seed": 0,
          "rel_err": 2.270817375624075e-16
        },
        {
          "N": 40,
          "K": 5,
          "p": 6,
          "seed": 1,
          "rel_err": 2.2713775182391834e-16
        },
        {
          "N": 40,
          "K": 5,
          "p": 6,
          "seed": 2,
          "rel_err": 2.1002642239290384e-16
        },
        {
          "N": 40,
          "K": 5,
          "p": 6,
          "seed": 3,
          "rel_err": 1.912546092849283e-16
        }
      ]
    },
    "chop_exact": {
      "IxB_max_abs": 0.0,
      "schur_loss_trace": 0.0,
      "modes": "H=[t, t^3] (odd AC drift), mirror-paired schedule",
      "gauge_DC_moment_dot_x": 2819.711173375127,
      "sum_s2_over_sigma2": 2819.7111733751262
    },
    "perturbation": {
      "deltas": [
        0.1,
        0.03,
        0.01,
        0.003,
        0.001,
        0.0003,
        0.0001
      ],
      "loss": [
        2.2408150507749767,
        0.2311561201092296,
        0.0261397679248887,
        0.002360755092350786,
        0.0002624965925903666,
        2.3630030984378436e-05,
        2.625721410964843e-06
      ],
      "loglog_slope": 1.9836738473760471
    },
    "three_schedules": {
      "ordered_loss": 1769.8879184946386,
      "chopped_loss": 0.0,
      "random_loss_mean": 63.592518624236384,
      "random_loss_median": 36.70243974676964,
      "random_loss_min": 2.6476079745554557,
      "random_loss_max": 231.74180362337583,
      "random_loss_std": 63.25405653194176,
      "ratio_ordered_over_random": 27.83170028148718,
      "ratio_random_over_chopped": 6.359251862423638e+31
    }
  },
  "block3_randomization": {
    "config": {
      "K": 8,
      "p": 3,
      "Ns": [
        64,
        256,
        1024
      ],
      "n_trials": 300,
      "delta": 0.1
    },
    "centered_carriers": {
      "64": {
        "mean": 0.11955135015786231,
        "q95": 0.1671414884062522,
        "std": 0.028339500917429053
      },
      "256": {
        "mean": 0.058789890949419964,
        "q95": 0.08546091152086256,
        "std": 0.014385206731529291
      },
      "1024": {
        "mean": 0.029211136030351015,
        "q95": 0.04208195265300728,
        "std": 0.006985351665019654
      }
    },
    "centered_slope_loglog": -0.49744908356352746,
    "centered_predicted_Bsqrt_logN": {
      "64": 0.27100739051824124,
      "256": 0.13550369525912062,
      "1024": 0.06775184762956031
    },
    "obstacle_uncentered_scene_carrier": {
      "64": {
        "realised_opnorm_mean": 30.928611086409767,
        "residual_bias_cbar_hbar": 30.915162422480773,
        "mean_crossblock_opnorm": 30.91496642571602,
        "carrier_mean_norm": 29.234568487472806
      },
      "256": {
        "realised_opnorm_mean": 32.35956512325308,
        "residual_bias_cbar_hbar": 32.355520677856035,
        "mean_crossblock_opnorm": 32.36069975293436,
        "carrier_mean_norm": 30.671001543553686
      },
      "1024": {
        "realised_opnorm_mean": 32.761824779980586,
        "residual_bias_cbar_hbar": 32.76142069751264,
        "mean_crossblock_opnorm": 32.76299859827968,
        "carrier_mean_norm": 31.074132193361766
      }
    },
    "obstacle_label": "empirical face of the OPEN LEMMA (Remark rem:rand-obstacle): scene-dependent carrier s_n m_n destroys centering; closing the lemma requires the stationary-carrier hypothesis of Part I."
  }
}